1.000000000000000000e+00 5.919948339462280273e+00 1.218547156336366879e+20
2.000000000000000000e+00 1.185639119148254395e+01 4.115125164710195094e+01
3.000000000000000000e+00 1.744248819351196289e+01 4.237644925113381311e-01
4.000000000000000000e+00 2.343508982658386230e+01 2.531671053084682543e-01
5.000000000000000000e+00 2.952996397018432617e+01 1.569811212331183869e-01
6.000000000000000000e+00 3.598041987419128418e+01 5.731684850311269397e-02
7.000000000000000000e+00 4.170356130599975586e+01 4.422596574787047985e-02
8.000000000000000000e+00 4.737841057777404785e+01 2.399283781754849715e-02
9.000000000000000000e+00 5.372797632217407227e+01 2.300490977707703513e-02
1.000000000000000000e+01 6.006101727485656738e+01 1.102999862421073091e-02
1.100000000000000000e+01 6.607941198348999023e+01 1.234099912786328773e-02
1.200000000000000000e+01 7.172689771652221680e+01 9.272160726049499813e-03
1.300000000000000000e+01 7.786100292205810547e+01 8.326246918042885803e-02
1.400000000000000000e+01 8.399087095260620117e+01 3.222412505732927257e-02
1.500000000000000000e+01 9.039266967773437500e+01 6.099989441767992952e-03
1.600000000000000000e+01 9.583522057533264160e+01 7.516215618884446864e-03
1.700000000000000000e+01 1.018198630809783936e+02 3.797273397587610719e-03
1.800000000000000000e+01 1.080162684917449951e+02 3.658376430632134108e-02
1.900000000000000000e+01 1.142707521915435791e+02 1.493912827603258511e-02
2.000000000000000000e+01 1.200516374111175537e+02 5.571293991038439412e-03
2.100000000000000000e+01 1.257990639209747314e+02 1.023895745541909819e-02
2.200000000000000000e+01 1.321973536014556885e+02 4.369752924570189691e-03
2.300000000000000000e+01 1.385338957309722900e+02 3.448813626836899886e-03
2.400000000000000000e+01 1.447077817916870117e+02 2.974401980112054231e-03
2.500000000000000000e+01 1.503095710277557373e+02 1.879300600843900222e-03
2.600000000000000000e+01 1.564920635223388672e+02 1.637044296841184488e-03
2.700000000000000000e+01 1.626019253730773926e+02 1.237145286057166494e-03
2.800000000000000000e+01 1.691696610450744629e+02 1.018257454492296071e-03
2.900000000000000000e+01 1.746326956748962402e+02 7.583259561183105157e-04
3.000000000000000000e+01 1.808241500854492188e+02 1.584843457956376222e-03
3.100000000000000000e+01 1.870365417003631592e+02 1.068568112851201899e-03
3.200000000000000000e+01 1.934797704219818115e+02 8.508438176144659301e-04
3.300000000000000000e+01 2.000002737045288086e+02 6.866088686971429838e-04
3.400000000000000000e+01 2.060313274860382080e+02 6.604169796749747570e-04
3.500000000000000000e+01 2.120568945407867432e+02 5.261613016251686682e-04
3.600000000000000000e+01 2.178185133934020996e+02 6.535901437559175518e-04
3.700000000000000000e+01 2.238942475318908691e+02 4.360830195185038164e-04
3.800000000000000000e+01 2.303243477344512939e+02 4.878047594018661997e-04
3.900000000000000000e+01 2.367422633171081543e+02 4.496191000663479547e-04
4.000000000000000000e+01 2.430050964355468750e+02 8.292165507417416240e-04
4.100000000000000000e+01 2.487666678428649902e+02 4.820471254267785972e-04
4.200000000000000000e+01 2.551621019840240479e+02 4.630335666702370574e-04
4.300000000000000000e+01 2.613202655315399170e+02 5.001507502921980408e-04
4.400000000000000000e+01 2.675082452297210693e+02 3.868391611713891559e-04
4.500000000000000000e+01 2.730028278827667236e+02 4.238418365475189699e-04
4.600000000000000000e+01 2.791290042400360107e+02 3.637134140650181047e-04
4.700000000000000000e+01 2.850826573371887207e+02 4.154460535068340340e-04
4.800000000000000000e+01 2.907624876499176025e+02 3.434472099350868181e-04
4.900000000000000000e+01 2.964298114776611328e+02 3.825579357502405351e-04
5.000000000000000000e+01 3.023207976818084717e+02 8.827280872730331428e-04
5.100000000000000000e+01 3.078748083114624023e+02 8.231340283988925009e-04
5.200000000000000000e+01 3.135223858356475830e+02 5.437179096083261456e-04
5.300000000000000000e+01 3.190575616359710693e+02 4.124121628206558511e-04
5.400000000000000000e+01 3.250762896537780762e+02 3.871551488485959675e-04
5.500000000000000000e+01 3.307701990604400635e+02 3.756395057629740761e-04
5.600000000000000000e+01 3.364815275669097900e+02 4.265754800981937317e-04
5.700000000000000000e+01 3.420887506008148193e+02 4.496704212240850134e-04
5.800000000000000000e+01 3.478380780220031738e+02 3.684308086851529620e-04
5.900000000000000000e+01 3.534718253612518311e+02 4.303855830829387912e-04
6.000000000000000000e+01 3.594684531688690186e+02 3.314978518609356739e-04
6.100000000000000000e+01 3.661425061225891113e+02 4.772114125505895108e-04
6.200000000000000000e+01 3.728571650981903076e+02 3.716486269405918112e-04
6.300000000000000000e+01 3.785525984764099121e+02 2.668384346221656586e-04
6.400000000000000000e+01 3.842241337299346924e+02 4.322758918409388583e-04
6.500000000000000000e+01 3.903739926815032959e+02 3.736110767292232199e-04
6.600000000000000000e+01 3.966724050045013428e+02 3.405941171821985137e-04
6.700000000000000000e+01 4.030807604789733887e+02 3.228143963094185398e-04
6.800000000000000000e+01 4.093514313697814941e+02 3.111840377575585213e-04
6.900000000000000000e+01 4.155302264690399170e+02 3.820453926212472734e-04
7.000000000000000000e+01 4.216656129360198975e+02 6.967722189307395259e-03
7.100000000000000000e+01 4.275682289600372314e+02 4.307588885805097023e-03
7.200000000000000000e+01 4.331454381942749023e+02 8.343194866319137261e-04
7.300000000000000000e+01 4.390026004314422607e+02 4.747786115973282018e-04
7.400000000000000000e+01 4.446832602024078369e+02 4.232044049710823800e-04
7.500000000000000000e+01 4.510705399513244629e+02 1.060369531011832621e-03
7.600000000000000000e+01 4.566364278793334961e+02 8.097204240150646971e-04
7.700000000000000000e+01 4.624153623580932617e+02 5.316473117584986832e-04
7.800000000000000000e+01 4.679825761318206787e+02 5.833433463632200621e-04
7.900000000000000000e+01 4.736449937820434570e+02 1.019924368420568970e-03
8.000000000000000000e+01 4.793267884254455566e+02 7.207417132355385583e-04
8.100000000000000000e+01 4.853475425243377686e+02 7.643388674163243551e-04
8.200000000000000000e+01 4.912961058616638184e+02 6.511899058516526289e-04
8.300000000000000000e+01 4.976018154621124268e+02 4.378003323653655520e-04
8.400000000000000000e+01 5.032883048057556152e+02 4.632510047605624686e-04
8.500000000000000000e+01 5.092207376956939697e+02 5.724871766987637981e-04
8.600000000000000000e+01 5.148770861625671387e+02 7.536636752005427316e-04
8.700000000000000000e+01 5.207309403419494629e+02 4.629619293443440627e-04
8.800000000000000000e+01 5.264900672435760498e+02 5.959779022344335701e-04
8.900000000000000000e+01 5.328801062107086182e+02 5.210027462910429711e-04
9.000000000000000000e+01 5.384731190204620361e+02 4.266667802161623179e-04
9.100000000000000000e+01 5.443932919502258301e+02 5.754899109034382820e-04
9.200000000000000000e+01 5.510999913215637207e+02 6.560050523304018170e-04
9.300000000000000000e+01 5.577771174907684326e+02 4.734506653052600366e-04
9.400000000000000000e+01 5.640063672065734863e+02 5.278675344791189557e-04
9.500000000000000000e+01 5.695840973854064941e+02 4.432601202234667153e-04
9.600000000000000000e+01 5.760483095645904541e+02 5.001335061620957884e-04
9.700000000000000000e+01 5.829065313339233398e+02 4.170670500175135921e-04
9.800000000000000000e+01 5.889356660842895508e+02 6.922813395443022828e-04
9.900000000000000000e+01 5.951387281417846680e+02 4.616015333860194487e-04
1.000000000000000000e+02 6.012338831424713135e+02 4.501840606104026677e-04
1.010000000000000000e+02 6.068655781745910645e+02 3.720446764216355862e-04
1.020000000000000000e+02 6.127737054824829102e+02 3.132591666679046061e-04
1.030000000000000000e+02 6.199308428764343262e+02 3.633827668658873994e-04
1.040000000000000000e+02 6.258313994407653809e+02 2.702877721875662775e-03
1.050000000000000000e+02 6.332945189476013184e+02 9.648056581323356329e-04
1.060000000000000000e+02 6.394876904487609863e+02 4.243686113228198938e-04
1.070000000000000000e+02 6.460888013839721680e+02 5.129057440862074945e-04
1.080000000000000000e+02 6.533387315273284912e+02 4.186058119262923202e-04
1.090000000000000000e+02 6.601286835670471191e+02 4.533170807844732510e-04
1.100000000000000000e+02 6.660401532649993896e+02 4.981021029121083556e-04
1.110000000000000000e+02 6.718890058994293213e+02 4.477215908495296129e-04
1.120000000000000000e+02 6.780099780559539795e+02 3.574034011947371066e-04
1.130000000000000000e+02 6.835527443885803223e+02 4.177302016442499088e-04
1.140000000000000000e+02 6.894727265834808350e+02 3.157442151338231006e-04
1.150000000000000000e+02 6.953174574375152588e+02 1.429389070338590081e-03
1.160000000000000000e+02 7.008404126167297363e+02 7.086708376870253260e-04
1.170000000000000000e+02 7.064582068920135498e+02 4.938105356314006870e-04
1.180000000000000000e+02 7.121112751960754395e+02 4.762929285189713589e-04
1.190000000000000000e+02 7.175911970138549805e+02 4.089521615817783636e-04
1.200000000000000000e+02 7.232539703845977783e+02 3.819910338259660445e-04
1.210000000000000000e+02 7.293257999420166016e+02 3.495518542684597648e-04
1.220000000000000000e+02 7.360229070186614990e+02 4.552606185518182471e-04
1.230000000000000000e+02 7.422992403507232666e+02 1.523219957228536588e-03
1.240000000000000000e+02 7.484346551895141602e+02 6.588118287646634822e-04
1.250000000000000000e+02 7.541496689319610596e+02 5.092122230343442378e-04
1.260000000000000000e+02 7.599034373760223389e+02 4.515748552779553344e-04
1.270000000000000000e+02 7.654830744266510010e+02 5.738512238142229110e-04
1.280000000000000000e+02 7.712836241722106934e+02 4.522677622246598118e-04
1.290000000000000000e+02 7.773026394844055176e+02 3.931107404982161395e-04
1.300000000000000000e+02 7.829058015346527100e+02 5.176020576157309072e-04
1.310000000000000000e+02 7.885133433341979980e+02 4.780884133673050061e-04
1.320000000000000000e+02 7.947773716449737549e+02 3.914736973838546410e-04
1.330000000000000000e+02 8.003075668811798096e+02 6.731574683532181528e-04
1.340000000000000000e+02 8.060449006557464600e+02 4.636572672127210488e-04
1.350000000000000000e+02 8.115883839130401611e+02 4.547135498886813914e-04
1.360000000000000000e+02 8.173200948238372803e+02 5.310309324595299894e-04
1.370000000000000000e+02 8.230186157226562500e+02 4.934042142778634864e-04
1.380000000000000000e+02 8.282972486019134521e+02 4.299568161589918994e-04
1.390000000000000000e+02 8.339978244304656982e+02 4.021817222552123879e-04
1.400000000000000000e+02 8.400417919158935547e+02 3.569088092270096936e-04
1.410000000000000000e+02 8.457203276157379150e+02 3.595000073457731973e-04
1.420000000000000000e+02 8.514144427776336670e+02 4.133923327580799360e-04
1.430000000000000000e+02 8.572147293090820312e+02 3.887802295978176744e-04
1.440000000000000000e+02 8.627660679817199707e+02 3.862515700785956025e-04
1.450000000000000000e+02 8.683679885864257812e+02 3.450664624612904464e-04
1.460000000000000000e+02 8.737684786319732666e+02 2.763754980284982522e-04
1.470000000000000000e+02 8.796374094486236572e+02 3.774260759649468314e-04
1.480000000000000000e+02 8.858472542762756348e+02 2.958975918708980934e-04
1.490000000000000000e+02 8.915711424350738525e+02 4.990630376839998031e-04
1.500000000000000000e+02 8.971102902889251709e+02 3.374247502718930752e-04
