1.000000000000000000e+00 1.241377592086791992e+00 5.654199346140751000e+15
2.000000000000000000e+00 2.582013368606567383e+00 6.022504783457705457e+00
3.000000000000000000e+00 3.901600122451782227e+00 5.419794488131207011e+00
4.000000000000000000e+00 5.132005929946899414e+00 3.916912834099356644e+00
5.000000000000000000e+00 6.370603799819946289e+00 1.849666934911076810e+00
6.000000000000000000e+00 7.518999576568603516e+00 5.705437106562915028e-01
7.000000000000000000e+00 8.738319873809814453e+00 1.529642198843062240e-01
8.000000000000000000e+00 9.894923686981201172e+00 4.331467376815250486e-02
9.000000000000000000e+00 1.080702090263366699e+01 1.334322051362107041e-02
1.000000000000000000e+01 1.185022425651550293e+01 4.382762644054401940e-03
1.100000000000000000e+01 1.288436174392700195e+01 1.502614097417746602e-03
1.200000000000000000e+01 1.397857975959777832e+01 5.297373226023099511e-04
1.300000000000000000e+01 1.503741097450256348e+01 1.901885896533063685e-04
1.400000000000000000e+01 1.609758782386779785e+01 6.911051916428055653e-05
1.500000000000000000e+01 1.716956496238708496e+01 2.531811155634020898e-05
1.600000000000000000e+01 1.822438335418701172e+01 9.327038099964781589e-06
