1.000000000000000000e+00 3.428177833557128906e-01 3.547053275666012176e+21
2.000000000000000000e+00 6.613888740539550781e-01 3.844693635738372084e-02
3.000000000000000000e+00 9.883041381835937500e-01 2.141660371859539086e-02
4.000000000000000000e+00 1.314285039901733398e+00 1.344978863929213557e-02
5.000000000000000000e+00 1.729861736297607422e+00 9.112185128560297900e-03
6.000000000000000000e+00 2.280261754989624023e+00 6.496122146168226835e-03
7.000000000000000000e+00 2.656305551528930664e+00 4.801579245855368445e-03
8.000000000000000000e+00 2.976109266281127930e+00 3.657504137543239608e-03
9.000000000000000000e+00 3.289008140563964844e+00 2.852581016834959508e-03
1.000000000000000000e+01 3.597561597824096680e+00 2.269020639614747949e-03
1.100000000000000000e+01 3.910192489624023438e+00 1.841314786908994925e-03
1.200000000000000000e+01 4.237391471862792969e+00 1.511238715719479811e-03
1.300000000000000000e+01 4.612652778625488281e+00 1.260092925812122478e-03
1.400000000000000000e+01 5.007315158843994141e+00 1.062312803794715401e-03
1.500000000000000000e+01 5.396429538726806641e+00 9.042013319374032215e-04
1.600000000000000000e+01 5.871797561645507812e+00 7.777663647694672833e-04
1.700000000000000000e+01 6.229958534240722656e+00 6.738581794080293922e-04
1.800000000000000000e+01 6.562112808227539062e+00 5.886037079338937326e-04
1.900000000000000000e+01 6.902458667755126953e+00 5.174830040612356198e-04
2.000000000000000000e+01 7.260027885437011719e+00 4.578850806075074830e-04
2.100000000000000000e+01 7.650382041931152344e+00 4.075132016748335981e-04
2.200000000000000000e+01 8.030213594436645508e+00 3.646080356392862707e-04
2.300000000000000000e+01 8.398617506027221680e+00 3.280025065522100438e-04
2.400000000000000000e+01 8.758872509002685547e+00 2.964121042649624075e-04
2.500000000000000000e+01 9.144436836242675781e+00 2.689636673969175631e-04
2.600000000000000000e+01 9.504002332687377930e+00 2.449830367044224287e-04
2.700000000000000000e+01 9.870446443557739258e+00 2.239767040332053219e-04
2.800000000000000000e+01 1.024048948287963867e+01 2.054474705271772388e-04
2.900000000000000000e+01 1.058846807479858398e+01 1.890426427262339396e-04
3.000000000000000000e+01 1.087504553794860840e+01 1.744536424897402617e-04
3.100000000000000000e+01 1.116084337234497070e+01 1.614423122983466648e-04
3.200000000000000000e+01 1.144681096076965332e+01 1.497989095595337065e-04
3.300000000000000000e+01 1.177915406227111816e+01 1.393333814336164653e-04
3.400000000000000000e+01 1.211786818504333496e+01 1.298964523388153618e-04
3.500000000000000000e+01 1.244837355613708496e+01 1.213639018965290411e-04
3.600000000000000000e+01 1.274801492691040039e+01 1.136223251505217864e-04
3.700000000000000000e+01 1.303623652458190918e+01 1.065807291046997913e-04
3.800000000000000000e+01 1.332701897621154785e+01 1.001611491470189594e-04
3.900000000000000000e+01 1.360828733444213867e+01 9.429423111549349872e-05
4.000000000000000000e+01 1.389946484565734863e+01 8.891705645380754662e-05
4.100000000000000000e+01 1.420184373855590820e+01 8.397979673479808078e-05
4.200000000000000000e+01 1.459307146072387695e+01 7.943556203609755412e-05
4.300000000000000000e+01 1.493581604957580566e+01 7.524061977598010809e-05
4.400000000000000000e+01 1.529701375961303711e+01 7.136440437866839817e-05
4.500000000000000000e+01 1.565312814712524414e+01 6.777582917589135357e-05
4.600000000000000000e+01 1.600380659103393555e+01 6.444588122492291818e-05
4.700000000000000000e+01 1.632063174247741699e+01 6.135197510723745741e-05
4.800000000000000000e+01 1.664083862304687500e+01 5.847173064074095961e-05
4.900000000000000000e+01 1.695870399475097656e+01 5.578576886555409808e-05
5.000000000000000000e+01 1.727610516548156738e+01 5.327683265035790619e-05
5.100000000000000000e+01 1.759322881698608398e+01 5.092950378974403893e-05
5.200000000000000000e+01 1.790758562088012695e+01 4.872997009049160678e-05
5.300000000000000000e+01 1.820957851409912109e+01 4.666582943191492964e-05
5.400000000000000000e+01 1.852296471595764160e+01 4.472494932378774619e-05
5.500000000000000000e+01 1.883653092384338379e+01 4.289888061637624206e-05
5.600000000000000000e+01 1.921522068977355957e+01 4.117800816416555582e-05
5.700000000000000000e+01 1.962946033477783203e+01 3.955409789014748646e-05
5.800000000000000000e+01 2.007862567901611328e+01 3.801969871404726927e-05
5.900000000000000000e+01 2.044039583206176758e+01 3.656806069648303612e-05
6.000000000000000000e+01 2.078909730911254883e+01 3.519305996873979249e-05
6.100000000000000000e+01 2.113872933387756348e+01 3.388913339928039862e-05
6.200000000000000000e+01 2.148373603820800781e+01 3.265122105117185649e-05
6.300000000000000000e+01 2.187424969673156738e+01 3.147471517789596674e-05
6.400000000000000000e+01 2.228252029418945312e+01 3.035541482618992864e-05
6.500000000000000000e+01 2.266564893722534180e+01 2.928948531237705733e-05
6.600000000000000000e+01 2.307516098022460938e+01 2.827342197717310537e-05
6.700000000000000000e+01 2.348539829254150391e+01 2.730401772454161334e-05
6.800000000000000000e+01 2.398928213119506836e+01 2.637833392621962629e-05
6.900000000000000000e+01 2.441162085533142090e+01 2.549367433114163716e-05
7.000000000000000000e+01 2.480366373062133789e+01 2.464745240260419521e-05
7.100000000000000000e+01 2.521190738677978516e+01 2.383756114476893559e-05
7.200000000000000000e+01 2.558407998085021973e+01 2.306184095589278079e-05
7.300000000000000000e+01 2.602220535278320312e+01 2.231835972166681690e-05
7.400000000000000000e+01 2.633803224563598633e+01 2.160532501693090759e-05
7.500000000000000000e+01 2.672612380981445312e+01 2.092107812974754985e-05
7.600000000000000000e+01 2.707075953483581543e+01 2.026408193032799485e-05
7.700000000000000000e+01 2.752818417549133301e+01 1.963289178510796605e-05
7.800000000000000000e+01 2.794300293922424316e+01 1.902620336735724979e-05
7.900000000000000000e+01 2.828812551498413086e+01 1.844278334593452286e-05
8.000000000000000000e+01 2.863656139373779297e+01 1.788147923035316537e-05
8.100000000000000000e+01 2.896362209320068359e+01 1.734121629084762385e-05
8.200000000000000000e+01 2.933053541183471680e+01 1.682098987789893657e-05
8.300000000000000000e+01 2.971694278717041016e+01 1.631985965776595315e-05
8.400000000000000000e+01 3.009436845779418945e+01 1.583694427860085367e-05
8.500000000000000000e+01 3.062027907371520996e+01 1.537141655228925309e-05
8.600000000000000000e+01 3.096385765075683594e+01 1.492249910487183576e-05
8.700000000000000000e+01 3.130415678024291992e+01 1.448946044382129470e-05
8.800000000000000000e+01 3.162350583076477051e+01 1.407161139670764809e-05
8.900000000000000000e+01 3.193053793907165527e+01 1.366830188314322080e-05
9.000000000000000000e+01 3.223234701156616211e+01 1.327891644193766448e-05
9.100000000000000000e+01 3.256487298011779785e+01 1.290282672140709610e-05
9.200000000000000000e+01 3.287366938591003418e+01 1.253955576573360647e-05
9.300000000000000000e+01 3.318949532508850098e+01 1.218856594641719464e-05
9.400000000000000000e+01 3.350641536712646484e+01 1.184936223645012625e-05
9.500000000000000000e+01 3.384955644607543945e+01 1.152147515477747292e-05
9.600000000000000000e+01 3.415344071388244629e+01 1.120445874715565967e-05
9.700000000000000000e+01 3.447059154510498047e+01 1.089788895000354084e-05
9.800000000000000000e+01 3.483668875694274902e+01 1.060136212743625520e-05
9.900000000000000000e+01 3.519738245010375977e+01 1.031449374660386934e-05
1.000000000000000000e+02 3.552247405052185059e+01 1.003691717084497362e-05
1.010000000000000000e+02 3.585930895805358887e+01 9.768282555332135662e-06
