1.000000000000000000e+00 2.697792053222656250e-01 4.862426586053858427e+20
2.000000000000000000e+00 5.782546997070312500e-01 6.346590919342555148e-01
3.000000000000000000e+00 8.445341587066650391e-01 1.249414366263731369e-01
4.000000000000000000e+00 1.112148046493530273e+00 4.339099456247155762e-02
5.000000000000000000e+00 1.374587059020996094e+00 1.892675553032955107e-02
6.000000000000000000e+00 1.635566473007202148e+00 9.322497353147937010e-03
7.000000000000000000e+00 1.951473236083984375e+00 4.945676473335159674e-03
8.000000000000000000e+00 2.255307674407958984e+00 2.755741787122418813e-03
9.000000000000000000e+00 2.606185913085937500e+00 1.588889754905232089e-03
1.000000000000000000e+01 2.883483886718750000e+00 9.389726389496430266e-04
1.100000000000000000e+01 3.208230733871459961e+00 5.651035284442319090e-04
1.200000000000000000e+01 3.481532573699951172e+00 3.447990262926029317e-04
1.300000000000000000e+01 3.765085220336914062e+00 2.125974641228091659e-04
1.400000000000000000e+01 4.077051877975463867e+00 1.321492289642668151e-04
1.500000000000000000e+01 4.352253437042236328e+00 8.266186780433533627e-05
1.600000000000000000e+01 4.636981964111328125e+00 5.196199830871980869e-05
1.700000000000000000e+01 4.911178588867187500e+00 3.279062235758681471e-05
1.800000000000000000e+01 5.192111730575561523e+00 2.075593569079805015e-05
1.900000000000000000e+01 5.478581428527832031e+00 1.317004252323833929e-05
2.000000000000000000e+01 5.756872653961181641e+00 8.372731156403043101e-06
