1.000000000000000000e+00 1.040182113647460938e-01 2.231507371704259379e+19
2.000000000000000000e+00 2.337250709533691406e-01 8.009359036250962571e-01
3.000000000000000000e+00 3.379414081573486328e-01 1.787791190014735854e-01
4.000000000000000000e+00 4.543721675872802734e-01 7.083049964620022343e-02
5.000000000000000000e+00 5.823533535003662109e-01 3.545912658947292240e-02
6.000000000000000000e+00 6.914057731628417969e-01 2.016443559994688522e-02
7.000000000000000000e+00 8.351962566375732422e-01 1.242194706572625866e-02
8.000000000000000000e+00 9.930725097656250000e-01 8.082520860309149596e-03
9.000000000000000000e+00 1.112439393997192383e+00 5.471373019685805798e-03
1.000000000000000000e+01 1.225906610488891602e+00 3.815984939806428122e-03
1.100000000000000000e+01 1.372101783752441406e+00 2.723890612849085794e-03
1.200000000000000000e+01 1.503725528717041016e+00 1.980554366212196674e-03
1.300000000000000000e+01 1.609261274337768555e+00 1.461772011690649605e-03
1.400000000000000000e+01 1.710965633392333984e+00 1.092237523606395680e-03
1.500000000000000000e+01 1.814821481704711914e+00 8.245295933050723414e-04
1.600000000000000000e+01 1.923382043838500977e+00 6.278289691847067531e-04
1.700000000000000000e+01 2.023229598999023438e+00 4.815657152930194647e-04
1.800000000000000000e+01 2.125954627990722656e+00 3.716955494047202973e-04
1.900000000000000000e+01 2.265843868255615234e+00 2.884407240507094131e-04
2.000000000000000000e+01 2.392020702362060547e+00 2.248779397271181242e-04
2.100000000000000000e+01 2.524164676666259766e+00 1.760324054122872214e-04
2.200000000000000000e+01 2.697699546813964844e+00 1.382831419395149958e-04
2.300000000000000000e+01 2.843904733657836914e+00 1.089645894753733622e-04
2.400000000000000000e+01 2.946865320205688477e+00 8.609485165315054181e-05
2.500000000000000000e+01 3.072861671447753906e+00 6.818730094415815992e-05
2.600000000000000000e+01 3.187405347824096680e+00 5.411806499535729421e-05
2.700000000000000000e+01 3.299841165542602539e+00 4.303159296202017155e-05
2.800000000000000000e+01 3.417187213897705078e+00 3.427256073984340625e-05
2.900000000000000000e+01 3.570338487625122070e+00 2.733624250209371352e-05
3.000000000000000000e+01 3.767058372497558594e+00 2.183198985997485540e-05
3.100000000000000000e+01 3.866298198699951172e+00 1.745612048261904980e-05
3.200000000000000000e+01 3.971269845962524414e+00 1.397163142782218943e-05
3.300000000000000000e+01 4.083258628845214844e+00 1.119290941951704711e-05
3.400000000000000000e+01 4.199882268905639648e+00 8.974131601396432537e-06
