1.000000000000000000e+00 3.848317384719848633e+00 1.000277822895850877e+00
2.000000000000000000e+00 6.882225751876831055e+00 2.344697683375047603e+01
3.000000000000000000e+00 9.939800262451171875e+00 4.987303971842953904e-02
4.000000000000000000e+00 1.283506488800048828e+01 6.168264245233642980e-03
5.000000000000000000e+00 1.621359896659851074e+01 2.741142352845332177e-03
6.000000000000000000e+00 1.951298189163208008e+01 1.467535597051937033e-03
7.000000000000000000e+00 2.388951349258422852e+01 8.818273946728603235e-04
8.000000000000000000e+00 2.749341773986816406e+01 5.830293684131171699e-04
9.000000000000000000e+00 3.130553889274597168e+01 4.170492379105135124e-04
1.000000000000000000e+01 3.550219798088073730e+01 3.157906980649397661e-04
1.100000000000000000e+01 3.887175655364990234e+01 2.480603237233546888e-04
1.200000000000000000e+01 4.233980226516723633e+01 1.992239177080203344e-04
1.300000000000000000e+01 4.532922124862670898e+01 1.620985850770650352e-04
1.400000000000000000e+01 4.855353093147277832e+01 1.328995233997454901e-04
1.500000000000000000e+01 5.821633195877075195e+01 1.094555302414194854e-04
1.600000000000000000e+01 6.180205249786376953e+01 9.041081076506400952e-05
1.700000000000000000e+01 6.546939992904663086e+01 7.484970836492613861e-05
1.800000000000000000e+01 6.950557780265808105e+01 6.210829116403826912e-05
1.900000000000000000e+01 7.287378168106079102e+01 5.167508573748464637e-05
2.000000000000000000e+01 7.559610104560852051e+01 4.313812938266319252e-05
2.100000000000000000e+01 7.849078989028930664e+01 3.615696815182461684e-05
2.200000000000000000e+01 8.162832212448120117e+01 3.044759984302652911e-05
2.300000000000000000e+01 8.550231742858886719e+01 2.577349643434250561e-05
2.400000000000000000e+01 8.912224745750427246e+01 2.193909564080060199e-05
2.500000000000000000e+01 9.302556228637695312e+01 1.878416575400887494e-05
2.600000000000000000e+01 9.695927214622497559e+01 1.617854130175617170e-05
2.700000000000000000e+01 1.008423421382904053e+02 1.401720641073453128e-05
2.800000000000000000e+01 1.040401575565338135e+02 1.221583895172023926e-05
2.900000000000000000e+01 1.070607595443725586e+02 1.070691211184134462e-05
3.000000000000000000e+01 1.100409843921661377e+02 9.436389304210507313e-06
