1.000000000000000000e+00 3.858470916748046875e-02 4.962579217055000166e+19
2.000000000000000000e+00 6.173110008239746094e-02 4.713352868330452083e-01
3.000000000000000000e+00 8.110237121582031250e-02 7.877495594162435555e-02
4.000000000000000000e+00 9.811425209045410156e-02 2.298675951683945562e-02
5.000000000000000000e+00 1.151435375213623047e-01 8.338352140560256406e-03
6.000000000000000000e+00 1.324026584625244141e-01 3.381568566107103629e-03
7.000000000000000000e+00 1.494636535644531250e-01 1.463055524585644236e-03
8.000000000000000000e+00 1.667664051055908203e-01 6.589718722280281426e-04
9.000000000000000000e+00 1.841163635253906250e-01 3.046358523624275328e-04
1.000000000000000000e+01 2.014055252075195312e-01 1.432884556834897356e-04
1.100000000000000000e+01 2.185666561126708984e-01 6.819039854417847663e-05
1.200000000000000000e+01 2.357399463653564453e-01 3.271229032163840801e-05
1.300000000000000000e+01 2.526767253875732422e-01 1.577955250094363254e-05
1.400000000000000000e+01 2.860214710235595703e-01 7.640808128905512544e-06
