1.000000000000000000e+00 1.273645973205566406e+01 3.492112071928061000e+15
2.000000000000000000e+00 2.773658776283264160e+01 1.119292023322556773e+01
3.000000000000000000e+00 4.092594075202941895e+01 1.081276944080870628e+01
4.000000000000000000e+00 5.694877076148986816e+01 8.961120108750066038e+00
5.000000000000000000e+00 7.102153205871582031e+01 4.924672537051134391e+00
6.000000000000000000e+00 8.674812960624694824e+01 1.502696685231986296e+00
7.000000000000000000e+00 1.011099658012390137e+02 3.708311026120097997e-01
8.000000000000000000e+00 1.172800335884094238e+02 1.055728266650408087e-01
9.000000000000000000e+00 1.302252962589263916e+02 3.571544152449893095e-02
1.000000000000000000e+01 1.453175411224365234e+02 1.361591138355769219e-02
1.100000000000000000e+01 1.579152145385742188e+02 5.605601334249624493e-03
1.200000000000000000e+01 1.732297153472900391e+02 2.425870211651655513e-03
1.300000000000000000e+01 1.856962616443634033e+02 1.085175651593524001e-03
1.400000000000000000e+01 1.999376819133758545e+02 4.964846346951716895e-04
1.500000000000000000e+01 2.122777156829833984e+02 2.307247973427351538e-04
1.600000000000000000e+01 2.256868882179260254e+02 1.084146591855108188e-04
1.700000000000000000e+01 2.385560417175292969e+02 5.135209253479264605e-05
1.800000000000000000e+01 2.521457765102386475e+02 2.446806429448076389e-05
1.900000000000000000e+01 2.649257712364196777e+02 1.171085929974724974e-05
2.000000000000000000e+01 2.786825039386749268e+02 5.624593140448314637e-06
