1.000000000000000000e+00 2.891327381134033203e+00 2.211008457926452250e+15
2.000000000000000000e+00 6.042154073715209961e+00 8.072385160684710570e+00
3.000000000000000000e+00 9.198824167251586914e+00 1.528502775341821662e+00
4.000000000000000000e+00 1.221459650993347168e+01 1.464010942446950070e+00
5.000000000000000000e+00 1.553769302368164062e+01 1.336362196155495008e+00
6.000000000000000000e+00 1.852097582817077637e+01 1.115242858651176450e+00
7.000000000000000000e+00 2.127544307708740234e+01 8.104590542362346550e-01
8.000000000000000000e+00 2.427054762840270996e+01 5.028230788006134988e-01
9.000000000000000000e+00 2.736458969116210938e+01 2.772497419628207616e-01
1.000000000000000000e+01 3.070495748519897461e+01 1.461563185544407228e-01
1.100000000000000000e+01 3.368830776214599609e+01 7.787543409651602466e-02
1.200000000000000000e+01 3.673283267021179199e+01 4.296568903874647960e-02
1.300000000000000000e+01 3.980682253837585449e+01 2.465651340993730081e-02
1.400000000000000000e+01 4.286490845680236816e+01 1.466659864946529522e-02
1.500000000000000000e+01 4.592607355117797852e+01 8.993166255692644495e-03
1.600000000000000000e+01 4.891389083862304688e+01 5.653726472173246226e-03
1.700000000000000000e+01 5.154575181007385254e+01 3.627292615931871321e-03
1.800000000000000000e+01 5.427835011482238770e+01 2.365960549954528383e-03
1.900000000000000000e+01 5.696044921875000000e+01 1.564163553507370288e-03
2.000000000000000000e+01 5.996636080741882324e+01 1.045543624964117256e-03
2.100000000000000000e+01 6.312594604492187500e+01 7.052328531917500783e-04
2.200000000000000000e+01 6.645124793052673340e+01 4.792518430532849883e-04
2.300000000000000000e+01 6.972299003601074219e+01 3.277004854509419740e-04
2.400000000000000000e+01 7.291055727005004883e+01 2.252252913326158949e-04
2.500000000000000000e+01 7.625865173339843750e+01 1.554573757583524517e-04
2.600000000000000000e+01 7.913047933578491211e+01 1.076844950833369917e-04
2.700000000000000000e+01 8.183113598823547363e+01 7.481517998559106849e-05
2.800000000000000000e+01 8.451613426208496094e+01 5.210884254259718306e-05
2.900000000000000000e+01 8.734950327873229980e+01 3.637007210101465159e-05
3.000000000000000000e+01 9.026929712295532227e+01 2.542979589875882820e-05
3.100000000000000000e+01 9.336864948272705078e+01 1.780682308048729657e-05
3.200000000000000000e+01 9.635034394264221191e+01 1.248456853089322065e-05
3.300000000000000000e+01 9.944816303253173828e+01 8.762322529624363057e-06
