1.000000000000000000e+00 1.984750740528106689e+02 3.055779786586449280e+17
2.000000000000000000e+00 4.316334698200225830e+02 1.400895656012653490e+03
3.000000000000000000e+00 7.280876927375793457e+02 1.178599790543257342e+01
4.000000000000000000e+00 1.031715214967727661e+03 1.285707752271425974e+00
5.000000000000000000e+00 1.351285887718200684e+03 6.219425881866007533e-01
6.000000000000000000e+00 1.680117155313491821e+03 4.027227069019563843e-01
7.000000000000000000e+00 1.975322815656661987e+03 2.307468532551129048e-01
8.000000000000000000e+00 2.261941365957260132e+03 1.645446573121887579e-01
9.000000000000000000e+00 2.568680935382843018e+03 1.039034040637450973e-01
1.000000000000000000e+01 2.850964017868041992e+03 6.870949134316552132e-02
1.100000000000000000e+01 3.127501377582550049e+03 1.079564494444399669e-01
1.200000000000000000e+01 3.363862066030502319e+03 7.551366299144945948e-02
1.300000000000000000e+01 3.638817224979400635e+03 3.000229063156422890e-02
1.400000000000000000e+01 3.937945022106170654e+03 4.835952780402243828e-02
1.500000000000000000e+01 4.249919221401214600e+03 3.496012457074879065e-02
1.600000000000000000e+01 4.547027857542037964e+03 1.509327855918947588e-02
1.700000000000000000e+01 4.864282208681106567e+03 1.093014353013935236e-02
1.800000000000000000e+01 5.171685992002487183e+03 9.713191424012366376e-03
1.900000000000000000e+01 5.481015598297119141e+03 7.465550105459411653e-03
2.000000000000000000e+01 5.790583982467651367e+03 5.700103670730207253e-03
2.100000000000000000e+01 6.123516496658325195e+03 4.714100372030079200e-03
2.200000000000000000e+01 6.426985380172729492e+03 3.985179735261305985e-03
2.300000000000000000e+01 6.757551708936691284e+03 3.317469010096339103e-03
2.400000000000000000e+01 7.055138106107711792e+03 6.150376816938701516e-03
2.500000000000000000e+01 7.342508714437484741e+03 3.396658095808082270e-03
2.600000000000000000e+01 7.668611771583557129e+03 2.429256744349609590e-03
2.700000000000000000e+01 7.951430969715118408e+03 1.969281338686564714e-03
2.800000000000000000e+01 8.260307213068008423e+03 1.914563892286052973e-03
2.900000000000000000e+01 8.570466529846191406e+03 1.663702702868560205e-03
3.000000000000000000e+01 8.886795730829238892e+03 1.474943565405329154e-03
3.100000000000000000e+01 9.159254354238510132e+03 1.040894060152548900e-01
3.200000000000000000e+01 9.469568442106246948e+03 2.922572499856739836e-01
3.300000000000000000e+01 9.795835255146026611e+03 2.390440059888945534e-01
3.400000000000000000e+01 1.015193838787078857e+04 3.620319795077225900e-02
3.500000000000000000e+01 1.050368443679809570e+04 2.214377835156942313e-03
3.600000000000000000e+01 1.083905164003372192e+04 1.382853160466997189e-02
3.700000000000000000e+01 1.120169608497619629e+04 8.991482341465861089e-03
3.800000000000000000e+01 1.153866015315055847e+04 2.489744963538133293e-03
3.900000000000000000e+01 1.185665191435813904e+04 1.509348576858398922e-03
4.000000000000000000e+01 1.214331087970733643e+04 9.937084196785827325e-04
4.100000000000000000e+01 1.245524674415588379e+04 8.672860201187920391e-04
4.200000000000000000e+01 1.277116386198997498e+04 7.291618820121795273e-04
4.300000000000000000e+01 1.309248471379280090e+04 6.625477143655280872e-04
4.400000000000000000e+01 1.340456467199325562e+04 5.717729851060590228e-04
4.500000000000000000e+01 1.371675452971458435e+04 4.765795414778523347e-04
4.600000000000000000e+01 1.401114085888862610e+04 4.353791265193191710e-04
4.700000000000000000e+01 1.427667269444465637e+04 5.949744574378537220e-04
4.800000000000000000e+01 1.451543282508850098e+04 3.804420701620608272e-04
4.900000000000000000e+01 1.477711798119544983e+04 3.502700322737605605e-04
5.000000000000000000e+01 1.503749717831611633e+04 3.597163651193470793e-04
5.100000000000000000e+01 1.530899867177009583e+04 2.969431483452762005e-04
5.200000000000000000e+01 1.560299251675605774e+04 2.556430257791921000e-04
5.300000000000000000e+01 1.593583223295211792e+04 3.063027342801635799e-01
5.400000000000000000e+01 1.621325401377677917e+04 2.140580258809514635e-01
5.500000000000000000e+01 1.650097764444351196e+04 3.694169465033948774e-02
5.600000000000000000e+01 1.677504141831398010e+04 5.025560707174958012e-04
5.700000000000000000e+01 1.708090172672271729e+04 2.453998596916211195e-02
5.800000000000000000e+01 1.736843835425376892e+04 5.102615529756246437e-02
5.900000000000000000e+01 1.764038613533973694e+04 1.963811852177509837e-02
6.000000000000000000e+01 1.790223933076858521e+04 2.942451431144074703e-02
6.100000000000000000e+01 1.818328730845451355e+04 1.005045528877194410e-03
6.200000000000000000e+01 1.844432117462158203e+04 5.823839331854513413e-03
6.300000000000000000e+01 1.871581398534774780e+04 1.427690620193858805e-02
6.400000000000000000e+01 1.899650451231002808e+04 7.141632391599575004e-03
6.500000000000000000e+01 1.928362003278732300e+04 7.137088060243781734e-04
6.600000000000000000e+01 1.956384178495407104e+04 5.006585015409837497e-03
6.700000000000000000e+01 1.985634947633743286e+04 3.291614538003792556e-03
6.800000000000000000e+01 2.013640348958969116e+04 2.110598155277804491e-03
6.900000000000000000e+01 2.042595897912979126e+04 1.987837246473736063e-03
7.000000000000000000e+01 2.070348878240585327e+04 1.019983055570621369e-03
7.100000000000000000e+01 2.099070627164840698e+04 4.634446223904270415e-04
7.200000000000000000e+01 2.127251550626754761e+04 4.956777026018826301e-04
7.300000000000000000e+01 2.156281495118141174e+04 4.145132931875539131e-04
7.400000000000000000e+01 2.184075676035881042e+04 3.754686239573809927e-04
7.500000000000000000e+01 2.210617214131355286e+04 4.010931013699106109e-04
7.600000000000000000e+01 2.235445195674896240e+04 3.692625946106985993e-04
7.700000000000000000e+01 2.264942279171943665e+04 3.955985976743195843e-04
7.800000000000000000e+01 2.294863648843765259e+04 3.733100507923888651e-04
7.900000000000000000e+01 2.322288911080360413e+04 3.256603714526857987e-04
8.000000000000000000e+01 2.348300214433670044e+04 2.955992528269180521e-04
8.100000000000000000e+01 2.374711912608146667e+04 3.827455226229095034e-04
8.200000000000000000e+01 2.400087217307090759e+04 3.199559111964042678e-04
8.300000000000000000e+01 2.426330907082557678e+04 2.875087075635355529e-04
8.400000000000000000e+01 2.451532636785507202e+04 2.994512339207340231e-04
8.500000000000000000e+01 2.485272219252586365e+04 2.839410235683515458e-04
8.600000000000000000e+01 2.516927466797828674e+04 2.888756555489166520e-04
8.700000000000000000e+01 2.553955234622955322e+04 2.779003381850385997e-04
8.800000000000000000e+01 2.589393323802947998e+04 2.770552031618382194e-04
8.900000000000000000e+01 2.627740653157234192e+04 2.470228799142922612e-04
9.000000000000000000e+01 2.664102952432632446e+04 2.699848024590284479e-04
9.100000000000000000e+01 2.702719287371635437e+04 2.432552845233624454e-04
9.200000000000000000e+01 2.736931002402305603e+04 2.687649367608001185e-04
9.300000000000000000e+01 2.771025061893463135e+04 2.340466230717828770e-04
9.400000000000000000e+01 2.802945460081100464e+04 1.907519532136306309e-04
9.500000000000000000e+01 2.838470152711868286e+04 1.764481437226704042e-04
9.600000000000000000e+01 2.871850852060317993e+04 2.743913542688765188e-04
9.700000000000000000e+01 2.905957908344268799e+04 2.960541460381017182e-04
9.800000000000000000e+01 2.939939873051643372e+04 2.358208059949616923e-04
9.900000000000000000e+01 2.976025010156631470e+04 1.856310753955293772e-04
1.000000000000000000e+02 3.009880312466621399e+04 1.823642959856789638e-04
